1735327717306 0.00819672131147541 10
1735327726794 0.01639344262295082 20
1735327736299 0.02459016393442623 30
1735327745778 0.03278688524590164 40
1735327755263 0.040983606557377046 50
1735327764684 0.04918032786885246 60
1735327774159 0.05737704918032787 70
1735327783627 0.06557377049180328 80
1735327793063 0.07377049180327869 90
1735327802582 0.08196721311475409 100
1735327812175 0.09016393442622951 110
1735327821689 0.09836065573770492 120
1735327831223 0.10655737704918032 130
1735327840735 0.11475409836065574 140
1735327850241 0.12295081967213115 150
1735327859743 0.13114754098360656 160
1735327869272 0.13934426229508196 170
1735327878773 0.14754098360655737 180
1735327888272 0.1557377049180328 190
1735327897758 0.16393442622950818 200
1735327907252 0.1721311475409836 210
1735327916769 0.18032786885245902 220
1735327926277 0.1885245901639344 230
1735327935776 0.19672131147540983 240
1735327945291 0.20491803278688525 250
1735327954786 0.21311475409836064 260
1735327964320 0.22131147540983606 270
1735327973819 0.22950819672131148 280
1735327983349 0.23770491803278687 290
1735327992856 0.2459016393442623 300
1735328002387 0.2540983606557377 310
1735328011918 0.26229508196721313 320
1735328021438 0.27049180327868855 330
1735328030958 0.2786885245901639 340
1735328040462 0.28688524590163933 350
1735328049986 0.29508196721311475 360
1735328059465 0.30327868852459017 370
1735328068974 0.3114754098360656 380
1735328078482 0.319672131147541 390
1735328087983 0.32786885245901637 400
1735328097471 0.3360655737704918 410
1735328106949 0.3442622950819672 420
1735328116449 0.3524590163934426 430
1735328125950 0.36065573770491804 440
1735328135448 0.36885245901639346 450
1735328144908 0.3770491803278688 460
1735328154380 0.38524590163934425 470
1735328163840 0.39344262295081966 480
1735328173321 0.4016393442622951 490
1735328182801 0.4098360655737705 500
1735328192321 0.4180327868852459 510
1735328201828 0.4262295081967213 520
1735328211321 0.4344262295081967 530
1735328220841 0.4426229508196721 540
1735328230349 0.45081967213114754 550
1735328239866 0.45901639344262296 560
1735328249385 0.4672131147540984 570
1735328258923 0.47540983606557374 580
1735328268616 0.48360655737704916 590
1735328278140 0.4918032786885246 600
1735328287750 0.5 610
