1735327717306 5.864680767059326 10
1735327726794 3.58211612701416 20
1735327736299 6.652622222900391 30
1735327745778 1.868260383605957 40
1735327755263 0.09064366668462753 50
1735327764684 0.10772980749607086 60
1735327774159 7.464779853820801 70
1735327783627 0.02389727719128132 80
1735327793063 0.026329096406698227 90
1735327802582 0.030462559312582016 100
1735327812175 0.01427827961742878 110
1735327821689 0.01893349550664425 120
1735327831223 0.021504560485482216 130
1735327840735 0.011339395307004452 140
1735327850241 0.01564808003604412 150
1735327859743 0.012279690243303776 160
1735327869272 0.034634072333574295 170
1735327878773 0.02278631553053856 180
1735327888272 0.011910855770111084 190
1735327897758 0.8230450749397278 200
1735327907252 0.009619195014238358 210
1735327916769 0.013657444156706333 220
1735327926277 19.794042587280273 230
1735327935776 0.02853766642510891 240
1735327945291 0.014220054261386395 250
1735327954786 0.01606292650103569 260
1735327964320 3.7013442516326904 270
1735327973819 0.11679144203662872 280
1735327983349 0.007548653986304998 290
1735327992856 0.020488902926445007 300
1735328002387 0.007509666960686445 310
1735328011918 0.019879236817359924 320
1735328021438 0.0095836715772748 330
1735328030958 0.018355803564190865 340
1735328040462 0.07095851749181747 350
1735328049986 0.004987346939742565 360
1735328059465 0.006526301149278879 370
1735328068974 0.006237282417714596 380
1735328078482 0.004959396552294493 390
1735328087983 0.004257928114384413 400
1735328097471 0.0034454618580639362 410
1735328106949 0.005515784956514835 420
1735328116449 0.005243676248937845 430
1735328125950 0.003512228839099407 440
1735328135448 0.0035969146993011236 450
1735328144908 0.0036131080705672503 460
1735328154380 0.16708678007125854 470
1735328163840 0.003238523146137595 480
1735328173321 0.02122844196856022 490
1735328182801 0.004455826245248318 500
1735328192321 0.0028618555516004562 510
1735328201828 0.03644568845629692 520
1735328211321 0.028406469151377678 530
1735328220841 0.011367675848305225 540
1735328230349 0.056026894599199295 550
1735328239866 0.007230112329125404 560
1735328249385 0.005178383551537991 570
1735328258923 0.010974323377013206 580
1735328268616 0.008749033324420452 590
1735328278140 0.004295736085623503 600
1735328287750 0.0038162069395184517 610
