1735327717306 1.994535519125683e-05 10
1735327726794 1.9890710382513662e-05 20
1735327736299 1.9836065573770492e-05 30
1735327745778 1.9781420765027325e-05 40
1735327755263 1.9726775956284155e-05 50
1735327764684 1.9672131147540985e-05 60
1735327774159 1.9617486338797815e-05 70
1735327783627 1.9562841530054645e-05 80
1735327793063 1.9508196721311475e-05 90
1735327802582 1.9453551912568305e-05 100
1735327812175 1.939890710382514e-05 110
1735327821689 1.934426229508197e-05 120
1735327831223 1.92896174863388e-05 130
1735327840735 1.923497267759563e-05 140
1735327850241 1.918032786885246e-05 150
1735327859743 1.912568306010929e-05 160
1735327869272 1.9071038251366122e-05 170
1735327878773 1.9016393442622952e-05 180
1735327888272 1.8961748633879782e-05 190
1735327897758 1.8907103825136616e-05 200
1735327907252 1.8852459016393446e-05 210
1735327916769 1.8797814207650276e-05 220
1735327926277 1.8743169398907106e-05 230
1735327935776 1.8688524590163936e-05 240
1735327945291 1.8633879781420766e-05 250
1735327954786 1.85792349726776e-05 260
1735327964320 1.852459016393443e-05 270
1735327973819 1.846994535519126e-05 280
1735327983349 1.841530054644809e-05 290
1735327992856 1.836065573770492e-05 300
1735328002387 1.830601092896175e-05 310
1735328011918 1.825136612021858e-05 320
1735328021438 1.8196721311475413e-05 330
1735328030958 1.8142076502732243e-05 340
1735328040462 1.8087431693989073e-05 350
1735328049986 1.8032786885245903e-05 360
1735328059465 1.7978142076502733e-05 370
1735328068974 1.7923497267759563e-05 380
1735328078482 1.7868852459016393e-05 390
1735328087983 1.7814207650273227e-05 400
1735328097471 1.7759562841530057e-05 410
1735328106949 1.7704918032786887e-05 420
1735328116449 1.7650273224043717e-05 430
1735328125950 1.7595628415300547e-05 440
1735328135448 1.7540983606557377e-05 450
1735328144908 1.7486338797814207e-05 460
1735328154380 1.743169398907104e-05 470
1735328163840 1.737704918032787e-05 480
1735328173321 1.73224043715847e-05 490
1735328182801 1.726775956284153e-05 500
1735328192321 1.721311475409836e-05 510
1735328201828 1.715846994535519e-05 520
1735328211321 1.7103825136612024e-05 530
1735328220841 1.7049180327868854e-05 540
1735328230349 1.6994535519125684e-05 550
1735328239866 1.6939890710382517e-05 560
1735328249385 1.6885245901639347e-05 570
1735328258923 1.6830601092896177e-05 580
1735328268616 1.6775956284153007e-05 590
1735328278140 1.6721311475409837e-05 600
1735328287750 1.6666666666666667e-05 610
