1735327717306 0.706 10
1735327726794 0.5706 20
1735327736299 0.2937 30
1735327745778 0.095 40
1735327755263 0.0243 50
1735327764684 0.0826 60
1735327774159 0.0088 70
1735327783627 0.0019 80
1735327793063 0.0017 90
1735327802582 0.0403 100
1735327812175 0.0009 110
1735327821689 0.0018 120
1735327831223 0.0012 130
1735327840735 0.0016 140
1735327850241 0.0008 150
1735327859743 0.0005 160
1735327869272 0.0445 170
1735327878773 0.001 180
1735327888272 0.2949 190
1735327897758 0.2177 200
1735327907252 0.0068 210
1735327916769 0.0738 220
1735327926277 0.0737 230
1735327935776 0.091 240
1735327945291 0.0009 250
1735327954786 0.1246 260
1735327964320 0.0184 270
1735327973819 0.0009 280
1735327983349 0.0004 290
1735327992856 0.0014 300
1735328002387 0.0004 310
1735328011918 0.0003 320
1735328021438 0.0942 330
1735328030958 0.0005 340
1735328040462 0.0005 350
1735328049986 0.0004 360
1735328059465 0.0003 370
1735328068974 0.0003 380
1735328078482 0.0002 390
1735328087983 0.0002 400
1735328097471 0.0002 410
1735328106949 0.0004 420
1735328116449 0.0002 430
1735328125950 0.0003 440
1735328135448 0.0002 450
1735328144908 0.0002 460
1735328154380 0.1839 470
1735328163840 0.0002 480
1735328173321 0.0193 490
1735328182801 0.1965 500
1735328192321 0.0002 510
1735328201828 0.1041 520
1735328211321 0.0138 530
1735328220841 0.0005 540
1735328230349 0.0003 550
1735328239866 0.0377 560
1735328249385 0.0002 570
1735328258923 0.061 580
1735328268616 0.0002 590
1735328278140 0.0003 600
1735328287750 0.0002 610
