1735332304766 0.004098360655737705 10
1735332310088 0.00819672131147541 20
1735332315351 0.012295081967213115 30
1735332320652 0.01639344262295082 40
1735332325981 0.020491803278688523 50
1735332331349 0.02459016393442623 60
1735332336684 0.028688524590163935 70
1735332342037 0.03278688524590164 80
1735332347496 0.036885245901639344 90
1735332352860 0.040983606557377046 100
1735332358263 0.045081967213114756 110
1735332363582 0.04918032786885246 120
1735332368980 0.05327868852459016 130
1735332374305 0.05737704918032787 140
1735332379662 0.06147540983606557 150
1735332385085 0.06557377049180328 160
1735332390477 0.06967213114754098 170
1735332395841 0.07377049180327869 180
1735332401216 0.0778688524590164 190
1735332406583 0.08196721311475409 200
1735332412118 0.0860655737704918 210
1735332417515 0.09016393442622951 220
1735332422944 0.0942622950819672 230
1735332428371 0.09836065573770492 240
1735332433780 0.10245901639344263 250
1735332439179 0.10655737704918032 260
1735332444606 0.11065573770491803 270
1735332450008 0.11475409836065574 280
1735332455336 0.11885245901639344 290
1735332460702 0.12295081967213115 300
1735332466064 0.12704918032786885 310
1735332471410 0.13114754098360656 320
1735332476755 0.13524590163934427 330
1735332482076 0.13934426229508196 340
1735332487451 0.14344262295081966 350
1735332492930 0.14754098360655737 360
1735332498363 0.15163934426229508 370
1735332503724 0.1557377049180328 380
1735332509073 0.1598360655737705 390
1735332514403 0.16393442622950818 400
1735332519785 0.1680327868852459 410
1735332525145 0.1721311475409836 420
1735332530517 0.1762295081967213 430
1735332535877 0.18032786885245902 440
1735332541232 0.18442622950819673 450
1735332546601 0.1885245901639344 460
1735332552037 0.19262295081967212 470
1735332557487 0.19672131147540983 480
1735332562959 0.20081967213114754 490
1735332568329 0.20491803278688525 500
1735332573797 0.20901639344262296 510
1735332579219 0.21311475409836064 520
1735332584665 0.21721311475409835 530
1735332590017 0.22131147540983606 540
1735332595423 0.22540983606557377 550
1735332600775 0.22950819672131148 560
1735332606158 0.2336065573770492 570
1735332611498 0.23770491803278687 580
1735332616797 0.24180327868852458 590
1735332622094 0.2459016393442623 600
1735332627412 0.25 610
1735332632751 0.2540983606557377 620
1735332638031 0.2581967213114754 630
1735332643326 0.26229508196721313 640
1735332648608 0.26639344262295084 650
1735332653869 0.27049180327868855 660
1735332659147 0.27459016393442626 670
1735332664454 0.2786885245901639 680
1735332669736 0.2827868852459016 690
1735332675033 0.28688524590163933 700
1735332680327 0.29098360655737704 710
1735332685610 0.29508196721311475 720
1735332690898 0.29918032786885246 730
1735332696196 0.30327868852459017 740
1735332701462 0.3073770491803279 750
1735332706841 0.3114754098360656 760
1735332712164 0.3155737704918033 770
1735332717465 0.319672131147541 780
1735332722765 0.3237704918032787 790
1735332728044 0.32786885245901637 800
1735332733144 0.3319672131147541 810
1735332756574 0.3360655737704918 820
1735332768974 0.3401639344262295 830
1735332777736 0.3442622950819672 840
1735332783019 0.3483606557377049 850
