1735332304766 4.502163887023926 10
1735332310088 42.786102294921875 20
1735332315351 4.613587379455566 30
1735332320652 3.540896415710449 40
1735332325981 1.006962537765503 50
1735332331349 0.10865019261837006 60
1735332336684 0.05490025132894516 70
1735332342037 0.05383453145623207 80
1735332347496 0.028237728402018547 90
1735332352860 0.027100209146738052 100
1735332358263 0.03697264939546585 110
1735332363582 0.04553723335266113 120
1735332368980 0.018034303560853004 130
1735332374305 2.139808416366577 140
1735332379662 0.02298480086028576 150
1735332385085 0.014115639962255955 160
1735332390477 0.014043311588466167 170
1735332395841 0.00797934178262949 180
1735332401216 0.008774547837674618 190
1735332406583 0.011699085123836994 200
1735332412118 0.007949898950755596 210
1735332417515 0.00962449423968792 220
1735332422944 0.007384784519672394 230
1735332428371 0.010306565091013908 240
1735332433780 0.009501696564257145 250
1735332439179 0.009109722450375557 260
1735332444606 0.008822262287139893 270
1735332450008 0.005397277418524027 280
1735332455336 0.0065779113210737705 290
1735332460702 0.008843742311000824 300
1735332466064 0.016503745689988136 310
1735332471410 0.006614742334932089 320
1735332476755 0.00610549608245492 330
1735332482076 0.03853805735707283 340
1735332487451 0.004021157510578632 350
1735332492930 0.003618966555222869 360
1735332498363 0.003857129719108343 370
1735332503724 0.004386324901133776 380
1735332509073 0.006690070033073425 390
1735332514403 0.005330371670424938 400
1735332519785 4.670702934265137 410
1735332525145 0.007962698116898537 420
1735332530517 0.007171055767685175 430
1735332535877 0.005979686044156551 440
1735332541232 0.009095770306885242 450
1735332546601 175.6984405517578 460
1735332552037 0.006090582814067602 470
1735332557487 0.0046168481931090355 480
1735332562959 0.004355443175882101 490
1735332568329 0.003195500001311302 500
1735332573797 0.009930377826094627 510
1735332579219 0.0029075187630951405 520
1735332584665 0.0912826657295227 530
1735332590017 0.002147576306015253 540
1735332595423 0.0019176185596734285 550
1735332600775 0.006807323079556227 560
1735332606158 0.0024874242953956127 570
1735332611498 0.0028611072339117527 580
1735332616797 0.006163685582578182 590
1735332622094 0.0030761531088501215 600
1735332627412 0.004429229535162449 610
1735332632751 0.003515468677505851 620
1735332638031 0.0020009251311421394 630
1735332643326 0.0035621437709778547 640
1735332648608 0.0018564936472103 650
1735332653869 0.001517250551842153 660
1735332659147 0.0020328594837337732 670
1735332664454 0.00230182777158916 680
1735332669736 0.0011525583686307073 690
1735332675033 0.0021619233302772045 700
1735332680327 0.0014578010886907578 710
1735332685610 0.0016561903757974505 720
1735332690898 0.0012991741532459855 730
1735332696196 0.0016435891157016158 740
1735332701462 0.0015740247908979654 750
1735332706841 0.001173712546005845 760
1735332712164 0.0017854470061138272 770
1735332717465 0.001310155726969242 780
1735332722765 0.0010077458573505282 790
1735332728044 0.0012274113250896335 800
1735332733144 0.0013830908574163914 810
1735332756574 0.0015140543691813946 820
1735332768974 0.0015931177185848355 830
1735332777736 0.05977199971675873 840
1735332783019 0.0014367869589477777 850
