1735332304766 1.997267759562842e-05 10
1735332310088 1.994535519125683e-05 20
1735332315351 1.991803278688525e-05 30
1735332320652 1.9890710382513662e-05 40
1735332325981 1.986338797814208e-05 50
1735332331349 1.9836065573770492e-05 60
1735332336684 1.980874316939891e-05 70
1735332342037 1.9781420765027325e-05 80
1735332347496 1.975409836065574e-05 90
1735332352860 1.9726775956284155e-05 100
1735332358263 1.9699453551912572e-05 110
1735332363582 1.9672131147540985e-05 120
1735332368980 1.9644808743169402e-05 130
1735332374305 1.9617486338797815e-05 140
1735332379662 1.9590163934426232e-05 150
1735332385085 1.9562841530054645e-05 160
1735332390477 1.9535519125683062e-05 170
1735332395841 1.9508196721311475e-05 180
1735332401216 1.9480874316939892e-05 190
1735332406583 1.9453551912568305e-05 200
1735332412118 1.9426229508196722e-05 210
1735332417515 1.939890710382514e-05 220
1735332422944 1.9371584699453555e-05 230
1735332428371 1.934426229508197e-05 240
1735332433780 1.9316939890710386e-05 250
1735332439179 1.92896174863388e-05 260
1735332444606 1.9262295081967216e-05 270
1735332450008 1.923497267759563e-05 280
1735332455336 1.9207650273224046e-05 290
1735332460702 1.918032786885246e-05 300
1735332466064 1.9153005464480876e-05 310
1735332471410 1.912568306010929e-05 320
1735332476755 1.9098360655737706e-05 330
1735332482076 1.9071038251366122e-05 340
1735332487451 1.9043715846994536e-05 350
1735332492930 1.9016393442622952e-05 360
1735332498363 1.898907103825137e-05 370
1735332503724 1.8961748633879782e-05 380
1735332509073 1.89344262295082e-05 390
1735332514403 1.8907103825136616e-05 400
1735332519785 1.887978142076503e-05 410
1735332525145 1.8852459016393446e-05 420
1735332530517 1.882513661202186e-05 430
1735332535877 1.8797814207650276e-05 440
1735332541232 1.877049180327869e-05 450
1735332546601 1.8743169398907106e-05 460
1735332552037 1.871584699453552e-05 470
1735332557487 1.8688524590163936e-05 480
1735332562959 1.866120218579235e-05 490
1735332568329 1.8633879781420766e-05 500
1735332573797 1.8606557377049183e-05 510
1735332579219 1.85792349726776e-05 520
1735332584665 1.8551912568306013e-05 530
1735332590017 1.852459016393443e-05 540
1735332595423 1.8497267759562843e-05 550
1735332600775 1.846994535519126e-05 560
1735332606158 1.8442622950819673e-05 570
1735332611498 1.841530054644809e-05 580
1735332616797 1.8387978142076503e-05 590
1735332622094 1.836065573770492e-05 600
1735332627412 1.8333333333333333e-05 610
1735332632751 1.830601092896175e-05 620
1735332638031 1.8278688524590166e-05 630
1735332643326 1.825136612021858e-05 640
1735332648608 1.8224043715846996e-05 650
1735332653869 1.8196721311475413e-05 660
1735332659147 1.8169398907103826e-05 670
1735332664454 1.8142076502732243e-05 680
1735332669736 1.8114754098360656e-05 690
1735332675033 1.8087431693989073e-05 700
1735332680327 1.8060109289617486e-05 710
1735332685610 1.8032786885245903e-05 720
1735332690898 1.8005464480874316e-05 730
1735332696196 1.7978142076502733e-05 740
1735332701462 1.795081967213115e-05 750
1735332706841 1.7923497267759563e-05 760
1735332712164 1.789617486338798e-05 770
1735332717465 1.7868852459016393e-05 780
1735332722765 1.784153005464481e-05 790
1735332728044 1.7814207650273227e-05 800
1735332733144 1.7786885245901643e-05 810
1735332756574 1.7759562841530057e-05 820
1735332768974 1.7732240437158473e-05 830
1735332777736 1.7704918032786887e-05 840
1735332783019 1.7677595628415303e-05 850
