1735332304766 0.6944 10
1735332310088 0.6728 20
1735332315351 0.5492 30
1735332320652 0.3734 40
1735332325981 0.1014 50
1735332331349 0.0845 60
1735332336684 0.203 70
1735332342037 0.003 80
1735332347496 0.1068 90
1735332352860 0.1494 100
1735332358263 0.0732 110
1735332363582 0.0014 120
1735332368980 0.0008 130
1735332374305 0.0012 140
1735332379662 0.0012 150
1735332385085 0.0006 160
1735332390477 0.0005 170
1735332395841 0.0004 180
1735332401216 0.0004 190
1735332406583 0.0004 200
1735332412118 0.0004 210
1735332417515 0.0004 220
1735332422944 0.0673 230
1735332428371 0.0011 240
1735332433780 0.0004 250
1735332439179 0.0004 260
1735332444606 0.1011 270
1735332450008 0.0003 280
1735332455336 0.0003 290
1735332460702 0.0005 300
1735332466064 0.0003 310
1735332471410 0.0002 320
1735332476755 0.0002 330
1735332482076 0.0002 340
1735332487451 0.0002 350
1735332492930 0.0002 360
1735332498363 0.0955 370
1735332503724 0.0112 380
1735332509073 0.1974 390
1735332514403 0.1447 400
1735332519785 0.0009 410
1735332525145 0.0018 420
1735332530517 0.0035 430
1735332535877 0.0003 440
1735332541232 0.1417 450
1735332546601 0.1001 460
1735332552037 0.0006 470
1735332557487 0.0003 480
1735332562959 0.0002 490
1735332568329 0.0001 500
1735332573797 0.0002 510
1735332579219 0.0002 520
1735332584665 0.0002 530
1735332590017 0.0001 540
1735332595423 0.0001 550
1735332600775 0.0003 560
1735332606158 0.0001 570
1735332611498 0.0001 580
1735332616797 0.0001 590
1735332622094 0.0001 600
1735332627412 0.0001 610
1735332632751 0.0001 620
1735332638031 0.0001 630
1735332643326 0.0001 640
1735332648608 0.0001 650
1735332653869 0.0001 660
1735332659147 0.0001 670
1735332664454 0.0001 680
1735332669736 0.0001 690
1735332675033 0.0001 700
1735332680327 0.0001 710
1735332685610 0.0001 720
1735332690898 0.0001 730
1735332696196 0.0001 740
1735332701462 0.0001 750
1735332706841 0.0001 760
1735332712164 0.0001 770
1735332717465 0.0001 780
1735332722765 0.0001 790
1735332728044 0.0001 800
1735332733144 0.0001 810
1735332756574 0.0001 820
1735332768974 0.0001 830
1735332777736 0.154 840
1735332783019 0.0001 850
